# Stereo camera calibration report
# Generated by kinect-stereo-calib - MRPT at Thu Dec 23 14:37:26 2021
# (This file is loadable from rawlog-edit and other MRPT tools)
# ---------------------------------------------------------------------

# Left camera (IR/Depth in Kinect) calibration parameters (and 95% confidence intervals):
[CAMERA_PARAMS_LEFT]
resolution = [3840 2160]
cx         = 1925.371788  // +/- 0.021
cy         = 1060.623234  // +/- 0.021
fx         = 1717.230505  // +/- 0.058
fy         = 1716.659638  // +/- 0.105
dist       = [7.721297e-03 -1.884819e-02 0.000000e+00 0.000000e+00 0.000000e+00]    // The order is: [K1 K2 T1 T2 K3]

# Right camera (RGB in Kinect) calibration parameters  (and 95% confidence intervals):
[CAMERA_PARAMS_RIGHT]
resolution = [3840 2160]
cx         = 1895.073651  // +/- 0.021
cy         = 1058.698470  // +/- 0.021
fx         = 1741.730310  // +/- 0.047
fy         = 1738.498347  // +/- 0.113
dist       = [7.721899e-03 -1.004748e-02 0.000000e+00 0.000000e+00 0.000000e+00]    // The order is: [K1 K2 T1 T2 K3]

# Relative pose of the right camera wrt to the left camera:
# This assumes that both camera frames are such that +Z points
# forwards, and +X and +Y to the right and downwards.
[CAMERA_PARAMS_LEFT2RIGHT_POSE]
translation_only     = [2.131474e-01 5.137700e-03 -1.237022e-02]
rotation_matrix_only = [9.9154146725932e-01 -6.1234383479712e-03 -1.2964575661409e-01 ;6.7458589877628e-03 9.9996773119114e-01 4.3623345762452e-03 ;1.2961486061312e-01 -5.2000076188867e-03 9.9155077924885e-01 ]
pose_yaw_pitch_roll  = [0.213147 0.005138 -0.012370 0.389800 -7.447337 -0.300475]  // (YPR in degrees)
pose_quaternion      = [0.213147 0.005138 -0.012370 0.997880 -0.002396 -0.064953 0.003224]

# Info about calibration parameters:
[CALIB_METAINFO]
number_good_cheesboards = 7
average_reprojection_error = 4.108028 // RMSE pixels
cheesboard_nx = 6
cheesboard_ny = 9
cheesboard_square_size_x = 0.039000 // (m)
cheesboard_square_size_y = 0.039000 // (m)

