Found 1 valid images for calibration
DIM=(2592, 1944)
K=np.array([[1118.3645468927068, 0.0, 1310.7240868092224], [0.0, 1074.472177555958, 1206.3674506431094], [0.0, 0.0, 1.0]])
D=np.array([[-0.2324751470530892], [0.7395983514640095], [-1.5364261002016582], [1.0519238225285465]])

Found 3 valid images for calibration
DIM=(2592, 1944)
K=np.array([[1149.0228791767415, 0.0, 1313.0708144443363], [0.0, 1183.9845279935028, 1161.8273813028006], [0.0, 0.0, 1.0]])
D=np.array([[-0.07783433202289722], [-0.10664078484202154], [0.1005166925801909], [-0.022870748243775378]])
Found 73 valid images for calibration
DIM=(2592, 1944)
K=np.array([[1092.1975655592187, 0.0, 1306.6384085178915], [0.0, 1028.2369042058874, 1113.9901486216647], [0.0, 0.0, 1.0]])
D=np.array([[-0.05261515641119217], [-0.02847602682766157], [0.02957695004338249], [-0.011055348410872594]])


DIM=(3264, 2464)
K=np.array([[1576.4150242094108, 0.0, 1646.512327590958], [0.0, 1570.6493601402617, 1319.3963545524077], [0.0, 0.0, 1.0]])
D=np.array([[-0.05591532497149529], [0.04529471590503072], [-0.042676470279595716], [0.012527481493378654]])
[CAMERA_PARAMS]
resolution=[1632 1232]
cx=775.62406
cy=549.81725
fx=794.35782
fy=799.38890
dist=[-2.967579e-01 8.396388e-02 6.608103e-04 6.084295e-04 -1.017100e-02]


01.11
rms error: 131.0023538310142
Fisheye coefficients: [-0.04362856  0.05286601 -0.05462771 -0.04247623]
Camera matrix:
[[ 620.9074609     0.          815.06106899]
 [   0.          622.06295289  614.95638876]
 [   0.            0.            1.        ]]
03.11: mélange a2 et a3
rms error: 34.853556909416724
Fisheye coefficients: [ 0.  0.  0.  0.]
Camera matrix:
[[ 519.48173425    0.          815.5       ]
 [   0.          519.48173425  615.5       ]
 [   0.            0.            1.        ]]
a3:
rms error: 36.95420784912098
Fisheye coefficients: [ 0.  0.  0.  0.]
Camera matrix:
[[ 519.48173425    0.          815.5       ]
 [   0.          519.48173425  615.5       ]
 [   0.            0.            1.        ]]
a3: 123 img 
rms error: 33.49008898306912
Fisheye coefficients: [ 0.  0.  0.  0.]
Camera matrix:
[[ 519.48173425    0.          815.5       ]
 [   0.          519.48173425  615.5       ]
 [   0.            0.            1.        ]]
130
rms error: 33.25868169078852
Fisheye coefficients: [ 0.  0.  0.  0.]
Camera matrix:
[[ 519.48173425    0.          815.5       ]
 [   0.          519.48173425  615.5       ]
 [   0.            0.            1.        ]]
140
rms error: 31.542096727640832
Fisheye coefficients: [ 0.  0.  0.  0.]
Camera matrix:
[[ 519.48173425    0.          815.5       ]
 [   0.          519.48173425  615.5       ]
 [   0.            0.            1.        ]]

158
rms error: 30.85997146327749
Fisheye coefficients: [ 0.  0.  0.  0.]
Camera matrix:
[[ 519.48173425    0.          815.5       ]
 [   0.          519.48173425  615.5       ]
 [   0.            0.            1.        ]]
175
rms error: 29.315688436143326
Fisheye coefficients: [ 0.  0.  0.  0.]
Camera matrix:
[[ 519.48173425    0.          815.5       ]
 [   0.          519.48173425  615.5       ]
 [   0.            0.            1.        ]]
rms error: 29.371284694355626
Fisheye coefficients: [ 0.  0.  0.  0.]
Camera matrix:
[[ 519.48173425    0.          815.5       ]
 [   0.          519.48173425  615.5       ]
 [   0.            0.            1.        ]]

[CAMERA_PARAMS]
resolution=[3264 2464]
cx=1635.37487
cy=1254.81654
fx=2784.09363
fy=2048.66578
dist=[-1.745568e-01 -5.293670e-01 -1.003337e-01 -1.246612e-02 5.070504e-01]

Average err. of reprojection: 1.74344 pixels (OpenCV error=1.74344)
